user_id,movie_id,rating,timestamp
103,15,3.855810530026359,0
180,98,4.290139177536787,1
93,44,4.215834030210081,2
15,49,3.2100038696315565,3
107,75,3.0806795692430047,4
72,61,1.5715038453576469,5
189,67,4.101384601612542,6
21,6,2.0856375217868575,7
103,9,2.986781691271786,8
122,6,2.137096371710067,9
75,73,1.5353134519987726,10
88,95,3.5182307875669463,11
117,32,1.2173281392916153,12
100,41,3.9945809365048,13
104,76,2.2703471810444666,14
152,8,1.0005387720179413,15
131,72,3.044516556948919,16
150,50,1.1874076341104125,17
53,92,2.104678231283598,18
2,62,3.8279059498228647,19
88,84,1.2507584864874635,20
158,62,4.357353969424009,21
38,7,1.0152796906343324,22
130,75,1.987295476807609,23
192,84,3.9636162246082858,24
188,80,2.265080598917227,25
21,4,1.4075695522640541,26
161,6,2.4409356752017115,27
58,58,2.081573145538102,28
22,22,4.37084760864222,29
89,26,2.2533916703405725,30
49,3,4.1557298871040285,31
59,41,4.567488579242939,32
170,60,2.735269678306118,33
188,14,4.6397725754175685,34
15,75,2.5092722158527714,35
190,82,4.856313665960433,36
190,12,1.3571580981022917,37
175,87,3.748077066012971,38
190,12,2.9752561618277147,39
51,13,2.5505952218225882,40
108,25,3.5308475149944036,41
55,45,3.8154283665373248,42
64,19,1.0174530786012363,43
131,55,1.6678123549887949,44
51,45,3.852184202537275,45
135,8,3.665541654312826,46
21,93,4.864190020514709,47
73,53,4.044151161003132,48
167,55,4.803090830925353,49
18,32,3.810162006139228,50
132,51,2.1922088345577726,51
89,44,1.421459689003426,52
60,82,4.127295453379743,53
14,70,3.5765968859036636,54
9,18,1.192744049573185,55
90,83,2.4402018636039133,56
53,22,4.827199261937144,57
130,37,3.001604582840805,58
84,96,2.7309165440788186,59
92,56,2.830798420637176,60
111,59,1.835530896020655,61
188,3,2.474828683459181,62
199,28,2.4792530239487065,63
172,74,1.2094200807498896,64
8,35,4.070270514071673,65
175,61,2.666017727615516,66
35,93,4.288719547265693,67
81,54,4.401392004479582,68
164,63,1.8479762187946323,69
50,79,3.6294139286805143,70
104,97,2.889127216651927,71
132,7,4.520626951685941,72
2,76,1.8629627167058165,73
134,49,3.711252801240177,74
54,94,3.4310084890108903,75
106,85,2.181205910287331,76
4,31,1.5464036146046904,77
54,58,3.6065590419091063,78
191,61,3.9543898325293227,79
146,24,2.2625093750534,80
44,20,3.579330416089255,81
162,37,2.580523630446013,82
190,4,3.852827533130471,83
14,92,1.7968610995762124,84
95,20,4.5608600105446975,85
48,60,2.149638385862319,86
15,24,2.4711439510246116,87
190,50,1.2323678083213991,88
40,49,1.4460488492851056,89
82,51,3.0634476108493125,90
111,96,2.070370706911886,91
53,36,4.341920902968777,92
24,98,1.0587735546198154,93
154,66,2.5163761946877448,94
188,79,2.3493821870763707,95
124,34,1.0773105236704041,96
41,36,1.4974735960020409,97
157,6,2.654570699674541,98
15,39,2.9714583377897865,99
45,42,2.6171589890194764,100
65,58,3.1237507136483753,101
89,12,3.380526699622726,102
71,3,1.0396952845113425,103
9,18,2.8563806378140155,104
88,40,4.853996963550353,105
129,21,3.076129120518195,106
136,15,3.7101690698358127,107
63,97,2.247455431667533,108
139,99,4.09596551261105,109
81,26,4.091685927504461,110
136,8,3.085184190616556,111
163,94,4.904055293116855,112
163,87,1.5022008590506135,113
33,42,1.067790659558324,114
123,44,4.080632847028384,115
5,14,4.228622149459531,116
41,78,1.480828916482305,117
28,2,2.0623313318344243,118
135,37,1.0702094534665156,119
72,69,2.1732344431222588,120
12,38,4.092567495674686,121
162,41,3.0718421108503158,122
33,62,2.3923823726731523,123
48,60,2.486957179625321,124
151,14,1.0054145028618726,125
62,89,2.1992021102609436,126
37,84,3.585834966551722,127
99,2,4.896777775265429,128
172,70,4.388243307935598,129
104,17,1.0943798585821165,130
35,89,4.594242418699357,131
193,28,4.132793653194504,132
101,66,4.121504494283922,133
175,35,2.831983036014286,134
131,5,2.5920211718180113,135
1,65,2.2116629153327705,136
5,40,1.262779435817463,137
142,76,1.9129414539747964,138
103,56,1.9864145399120985,139
27,36,2.9363082788408064,140
137,45,3.989777626386776,141
15,23,2.8952393135917864,142
90,47,1.2313777977886424,143
42,31,4.831159203952815,144
124,11,4.770897276376449,145
179,10,4.1407581725936335,146
63,67,4.965311606256883,147
96,14,3.1779293312010517,148
52,80,4.851073401012824,149
96,74,1.302420162467003,150
132,93,2.4627229930454853,151
151,10,1.9015250720270633,152
143,76,1.7833323365370801,153
171,94,1.5632117955707043,154
29,1,3.4896545662639866,155
36,5,4.125287422989221,156
13,20,3.3131935976814426,157
160,8,1.5878508383528387,158
71,43,4.244495079733884,159
187,76,3.543818828654914,160
86,1,2.552662824507982,161
28,57,3.696521182144252,162
66,64,2.0396199169713314,163
170,84,2.380768833976842,164
45,28,4.66994337252796,165
62,37,2.1620180226856816,166
185,47,2.8799530726317464,167
134,76,4.5605645495840585,168
28,37,3.83088540107011,169
28,49,1.248812904658811,170
108,44,1.5892121771158814,171
44,56,1.0313663630876673,172
84,28,3.5236871609166536,173
30,79,2.7906937016416733,174
190,6,1.5370994036091021,175
75,61,4.831736484227082,176
128,20,3.1186388957824795,177
92,78,1.9675731764515567,178
190,2,3.00241428461883,179
129,73,3.718481330940431,180
121,37,1.304956871894258,181
27,20,2.098815260191568,182
190,26,4.227861963535974,183
121,29,2.838659481610645,184
116,1,3.1863085681291796,185
3,35,2.731264008837877,186
103,70,1.1755997705720205,187
198,59,1.6629991192806237,188
155,69,2.7821665549675636,189
137,33,1.8367418616317113,190
62,51,1.199916114638715,191
165,78,4.374598656207295,192
51,12,4.924770116656463,193
172,20,4.172571495986958,194
152,53,4.415139686818668,195
59,88,1.9679085212681815,196
118,43,4.842507902052799,197
160,98,1.7877028178137135,198
96,89,4.8057192414473295,199
180,50,4.979277175863804,200
113,29,3.846891222984195,201
62,57,4.924574927167288,202
186,39,3.2781591182684147,203
52,95,2.0381671327043613,204
12,56,2.7479835426624835,205
39,43,3.374243741515144,206
130,50,1.29232624810806,207
131,23,3.4893730584689844,208
113,44,4.924711347049178,209
101,38,1.7604305991349105,210
113,84,4.170380465153533,211
184,23,4.631595175118477,212
81,45,4.774806371280883,213
187,52,4.840542417621789,214
113,80,3.0858385548858878,215
2,50,4.909231631966015,216
130,8,4.0292408285377554,217
54,85,1.6466857449478476,218
87,1,2.90760042587188,219
129,8,3.873324701488016,220
147,29,1.9893612632763333,221
126,96,3.5624607341955494,222
130,5,3.666401916186477,223
53,86,1.6507989752342636,224
172,47,3.260341249811025,225
160,34,4.08650764391443,226
198,65,2.9955826581437677,227
160,55,1.0484124671044297,228
68,90,1.0361538763171687,229
183,43,2.4281173758800487,230
184,74,4.704776273727128,231
123,30,1.914707118414435,232
145,82,3.5374547554867486,233
38,17,1.8883034827732823,234
24,26,2.2866799586381945,235
69,8,4.392168358405936,236
116,47,3.9154457690797875,237
98,76,1.3815971092528425,238
198,91,2.7148080839457345,239
139,72,1.1166790545810579,240
144,89,2.923560586412036,241
97,46,3.6497360468042723,242
124,68,1.4740104943926062,243
187,33,2.1555397556366627,244
70,1,2.5913465020086277,245
93,19,4.678124098624199,246
3,31,4.973020061691856,247
148,80,1.1796451959824634,248
187,14,4.044031693981568,249
164,53,2.486896265609373,250
147,48,2.56983274491792,251
90,69,4.01705989338809,252
195,90,4.673705728581634,253
147,62,4.803714378010193,254
148,92,3.308490344153283,255
96,66,2.4284846372020112,256
199,64,4.150196343435117,257
52,70,2.004005533049201,258
161,63,3.256296115334071,259
168,73,2.4343138460994926,260
128,33,3.6265242948315044,261
39,41,1.9615956515740276,262
82,89,1.766371782939303,263
104,48,4.672956346701748,264
129,13,1.4072147317981476,265
11,73,3.0238316309397266,266
185,77,1.8834111318520357,267
178,31,1.1557198533026698,268
151,75,1.1440752731657056,269
159,68,1.7008870884233094,270
42,98,4.4670814180240015,271
99,4,2.1299149759081066,272
7,19,4.801836682301182,273
144,70,3.326489171956774,274
90,98,2.7464567590750644,275
112,82,3.3203553386778184,276
60,13,3.066793540905071,277
113,23,4.0351050150293,278
2,83,2.129984263891409,279
129,75,2.4122015664012095,280
48,1,4.576377210133003,281
140,88,4.785826052601622,282
197,54,4.570232909945898,283
37,71,2.6777919758292543,284
160,89,4.121462012027527,285
9,85,2.905342933204395,286
99,15,2.9901594085844088,287
147,65,1.8187204362291358,288
48,76,3.364521213034066,289
131,71,1.7445435910133917,290
148,15,2.326258796268775,291
152,21,4.420120806479741,292
54,19,1.8283032368434209,293
120,60,1.2846331406937312,294
161,93,1.2760303704512652,295
152,89,4.763138082012432,296
116,33,3.0276817518473385,297
75,49,2.6376482872680733,298
113,96,4.243514324031674,299
164,35,4.343303711642064,300
166,44,2.3287641324624184,301
104,90,3.774472229895181,302
84,11,4.084491263407546,303
112,99,3.618602747463818,304
99,72,1.6063802992003975,305
153,78,4.503532334068228,306
93,74,3.156378210944035,307
146,66,2.1298897054800148,308
128,46,2.7009127417507757,309
110,9,1.1502843615956295,310
82,3,1.5114672048896702,311
194,85,4.062187002063443,312
54,26,1.0000465390214646,313
163,72,2.6662633139291687,314
189,48,3.0900407243423538,315
169,66,1.2185376800038892,316
161,70,4.892312651889331,317
68,28,1.9045013249986877,318
33,93,2.2167948785451235,319
142,26,2.2157700490201093,320
21,25,1.9216666484693996,321
48,12,1.0058952883452457,322
148,5,3.9173791763519854,323
128,98,4.867381999197141,324
136,48,1.8971739331401802,325
135,37,3.6521887672136897,326
195,79,3.9675853078348604,327
145,44,4.393701516362099,328
128,15,2.6905167880544365,329
33,43,2.211723622561717,330
176,48,2.3011805360921245,331
187,87,3.8504853323940513,332
115,70,4.267117866022544,333
119,46,1.7264558710264106,334
22,43,2.483764032631061,335
158,21,4.6077607869966,336
38,23,4.226774078778957,337
109,80,4.939433611049903,338
51,47,4.016993038728323,339
182,15,2.572780804111689,340
8,25,3.362551335978551,341
27,36,3.644057016989281,342
27,75,1.3138232652684958,343
21,51,3.1779878364154603,344
30,15,3.8372833138904383,345
97,68,1.6692852160042415,346
28,21,4.122526869702229,347
111,13,3.3350911220564465,348
192,86,4.808887142790379,349
197,19,1.1696891928275668,350
61,34,2.061304550221868,351
48,78,3.4062155171992963,352
147,68,2.186239648823723,353
4,52,3.857696656284969,354
35,27,4.036021130087724,355
192,29,1.4100638562658978,356
49,28,3.055417856827071,357
17,35,3.0355622223642236,358
172,8,2.4771230808621643,359
158,16,4.731699450278688,360
46,36,4.310025279492885,361
117,30,3.788837527638547,362
6,18,3.85730654293999,363
99,2,2.8468645752524764,364
124,49,4.683978084386304,365
37,77,3.7783817090131415,366
24,4,3.9159242466232658,367
93,90,4.446763615149381,368
46,89,2.096286357368764,369
181,94,4.228283615466812,370
95,75,1.7809624118259682,371
99,7,2.3813678089795514,372
188,95,2.342441817079371,373
116,74,4.914101873556563,374
191,39,4.426148894991707,375
160,13,3.804679446361039,376
161,31,3.9082270464615605,377
67,71,3.2482911776102843,378
128,63,4.788362668434076,379
18,56,2.985035011529446,380
25,42,2.522070839479578,381
54,61,1.652141347726364,382
58,42,4.1448226090442315,383
67,56,3.9377757283023658,384
104,36,2.5374201540965395,385
174,84,1.1007736558369174,386
24,68,4.355989310872043,387
114,7,1.0456719338162945,388
32,54,3.814799118516204,389
175,1,4.881028438904228,390
86,44,2.750645312592814,391
151,45,1.939893619983811,392
194,47,3.819484040173527,393
127,13,4.268512568062341,394
155,22,3.1857212643113892,395
130,21,4.868141101024585,396
17,86,1.2066748866318444,397
104,92,3.0191823932181125,398
161,9,3.8738157892902003,399
137,26,4.450561884596716,400
43,9,1.7170224476311602,401
176,15,4.200013927054726,402
39,10,3.210828302874181,403
170,88,2.586214727959853,404
26,42,1.5268601143163743,405
99,72,4.461183035635649,406
50,24,1.6290928327188614,407
153,80,2.239151436836397,408
152,49,2.1601821278497475,409
13,26,4.485656136763417,410
60,91,3.690811976835592,411
135,37,4.186725588765489,412
57,68,2.001871595169996,413
36,50,3.4994963984279956,414
173,24,3.2869839325749948,415
20,19,4.331321507153085,416
65,60,4.624348241925042,417
8,39,1.0486270859095472,418
144,74,3.6960796762351706,419
142,89,1.207343196478916,420
115,18,3.1954346603094237,421
143,19,2.150530916174713,422
92,36,2.227106398088565,423
98,74,2.4118340138094263,424
66,97,3.4851697961984405,425
32,55,2.336199862675077,426
191,69,3.9307962023611216,427
86,47,2.6181095422954788,428
51,49,1.2734128012398345,429
153,99,4.135039369936429,430
186,98,2.143033298370824,431
63,33,2.7310675183970505,432
190,21,3.741775532887606,433
125,81,2.329824628594848,434
150,22,1.2263426245868625,435
58,48,2.4956841880512544,436
58,37,4.777794330777214,437
86,15,3.5669375891942328,438
49,35,3.6859165946688277,439
180,92,3.5291286145505594,440
170,71,1.7959685558377472,441
70,32,2.6733354564091205,442
15,11,4.0037591934532735,443
54,10,1.4054915902126366,444
188,73,2.111411104358849,445
101,78,2.1052764338634145,446
8,77,2.728075710378024,447
53,57,4.92147496376874,448
60,25,1.2700101867352878,449
108,2,3.07480397752238,450
5,64,1.7174587280488418,451
103,35,4.8827061816389765,452
196,7,1.4532140189098568,453
6,85,2.614404009446365,454
109,18,3.9515399393384247,455
116,67,3.818217712109781,456
94,42,2.690914547575729,457
47,39,2.386096671810873,458
99,41,2.5904495142114823,459
55,75,2.057105052634557,460
168,24,1.8213317548271992,461
52,60,2.93215879023556,462
144,46,2.0741350242704293,463
13,19,2.1498466595890005,464
114,68,3.6270242538982282,465
124,90,4.874149326799569,466
106,42,3.4145488022375003,467
158,32,1.3079178682598651,468
147,39,1.302334455416268,469
145,36,4.805692883382264,470
120,97,2.1891631612293345,471
63,36,1.3682679443299017,472
19,3,3.3961783486015262,473
92,73,3.4945951131610644,474
58,8,3.5940192804747526,475
183,97,2.069608111430165,476
90,70,1.0604427368579001,477
117,41,4.860061477817887,478
62,68,2.00357218276441,479
23,13,3.70410515221019,480
127,49,3.8265194795148383,481
137,60,3.4400296683179428,482
140,2,2.251629576854593,483
129,60,2.084385015056263,484
58,5,3.3906731308108125,485
122,44,4.4643825344467665,486
1,27,4.786934915693582,487
34,32,1.4236232176150305,488
96,21,1.6193144503908794,489
126,8,4.778945035132319,490
118,72,3.9461409133391703,491
48,50,4.531975299319092,492
89,67,1.8105305365413726,493
117,44,3.3503434844376074,494
129,58,3.8045583776698946,495
16,3,3.7204475417878906,496
189,86,2.6326067634667925,497
192,70,1.061579566765234,498
191,2,3.3317042272170525,499
69,87,2.012406156718435,500
22,44,2.8010169845715613,501
93,2,4.830324060335269,502
195,81,2.596141270569739,503
76,35,4.359206426657707,504
154,98,1.7541624229970045,505
144,87,3.6898419921001153,506
179,30,4.908027817755774,507
86,8,1.4075724034917472,508
185,22,1.033279768908768,509
29,44,2.7343311705304574,510
69,58,1.3705019322054688,511
47,36,3.9935373987049254,512
94,69,4.658194655394236,513
190,77,2.7360838908350353,514
197,93,2.034846568621764,515
144,31,2.737613276026439,516
176,47,3.893791271400004,517
85,55,1.036216646321484,518
39,80,3.3578159579387887,519
100,62,3.4531667395495163,520
33,30,3.550752987583742,521
101,55,1.9680883199235089,522
23,16,3.856210893512507,523
10,12,1.3655659453271056,524
69,17,1.7970813458672033,525
100,16,4.509880186617927,526
34,12,3.9548926029062654,527
180,8,1.054982216045381,528
138,84,1.9935050414792008,529
147,3,1.8576259319726582,530
186,16,2.0832253121478903,531
96,30,1.9902390811195456,532
1,23,1.250105182971383,533
69,92,2.8357620663872813,534
4,5,3.9309338991446605,535
16,84,3.4269268988697457,536
24,65,3.691486674392319,537
80,30,1.3245967141449566,538
2,21,4.805962840707149,539
128,84,4.353967335372099,540
160,70,4.22036127398265,541
84,22,4.29193522016707,542
152,82,4.730842032531045,543
140,72,3.177015864454791,544
178,32,1.8011280714705036,545
163,33,3.4671344314101646,546
124,16,3.971525974671756,547
33,76,3.9516695734161016,548
161,38,3.0857960966675204,549
189,98,1.2738348773343122,550
179,14,2.4844517537205113,551
171,36,4.68306643385343,552
101,97,3.337795639029704,553
12,23,3.1533277730228537,554
67,66,2.075414057528774,555
65,85,2.4737956796663156,556
161,2,4.581384356612677,557
168,91,3.665852190107343,558
74,73,4.149548107009331,559
43,65,2.8173816922706205,560
44,75,3.5209888778246317,561
29,67,1.9935344349728301,562
141,52,3.821843321133945,563
12,62,2.710405334813349,564
95,23,2.7701820592589823,565
46,26,3.5972892983075266,566
130,68,4.745122485875706,567
35,82,1.2560253864344837,568
81,55,4.29897294938803,569
90,6,2.1695324416487725,570
8,35,2.7756778180255113,571
93,22,1.0876533151000358,572
154,43,2.204184311337252,573
90,15,3.010524970520522,574
162,86,1.224704309389756,575
115,60,2.9643829175326606,576
105,12,4.70844251543371,577
135,49,1.4215728724312209,578
196,42,4.057762912302017,579
58,38,2.6386842135039705,580
114,82,3.620694858097352,581
75,45,2.0409463919409174,582
157,35,1.6379690501654331,583
120,30,1.6418504570849057,584
164,88,1.2819677825725786,585
21,30,1.742586819604972,586
164,78,3.656877539955873,587
138,6,4.526762447374033,588
101,67,4.256502742364647,589
152,80,3.7405372394979364,590
192,7,1.4417274536444107,591
177,52,2.1567497851837993,592
99,14,2.239227501289876,593
36,73,1.999827785590485,594
96,15,3.0600226388388925,595
152,21,3.1422152595186903,596
151,35,2.427543900684441,597
190,66,2.415156634945744,598
37,91,4.314222391624325,599
12,2,4.157171393278743,600
113,35,2.2311833267229826,601
183,82,4.655153775493037,602
13,78,4.811260068010024,603
23,20,2.3069701681201633,604
99,82,2.4176997951722194,605
105,10,3.0225366136878353,606
30,25,4.764483250134694,607
17,66,4.505277732569246,608
113,25,1.4102718503343592,609
62,54,2.570922973085665,610
84,33,3.2134847589990874,611
112,36,3.01252989020616,612
86,95,1.7754522717475707,613
141,14,4.435267084672619,614
187,65,3.7077631319873494,615
19,80,4.351633499407214,616
177,54,4.435057117397889,617
100,52,3.993423414662959,618
140,3,2.7568424049988693,619
189,99,3.442187020061698,620
147,41,1.6414616244789726,621
76,6,3.6945816698996308,622
9,25,1.717013022957123,623
199,13,3.7757983620406272,624
28,98,1.9183926430158746,625
128,8,1.47020520060088,626
52,21,1.6611379605718297,627
83,98,1.007968540876281,628
111,68,3.874958471414121,629
144,25,3.9296041962335164,630
117,79,3.059733399653038,631
69,68,1.6454512042215348,632
99,45,1.334217350042759,633
140,60,1.076515865749148,634
25,12,1.6629927078608828,635
180,32,4.563422139932587,636
123,96,1.966147366806727,637
53,92,2.4170853088688626,638
151,13,1.4213819379253327,639
144,31,1.8894452189926811,640
57,78,3.0768982831208205,641
39,20,3.4310107323826102,642
109,18,1.9814092566648442,643
181,93,1.2309286369004688,644
42,60,2.5641314765095946,645
186,63,1.9368134837053366,646
167,6,1.8782156929192078,647
142,32,4.839451210853821,648
122,93,3.4652019437028962,649
133,43,3.2275137726883836,650
163,2,2.6631004140932877,651
75,60,2.715777333720577,652
146,23,3.1636200153523233,653
76,83,3.785719228144429,654
9,31,3.8085843847273178,655
74,5,1.6867756308217983,656
186,83,3.000451008306508,657
145,34,2.647832380136408,658
7,10,4.482107865077537,659
174,89,3.5256756848735056,660
141,2,3.130016265663927,661
168,11,1.4615785687156695,662
170,50,3.422551557293646,663
137,31,1.4688156227209337,664
178,56,2.3488263022630083,665
27,79,1.5713678592573275,666
122,73,3.7682945880974756,667
194,87,1.8250084553446104,668
5,83,2.567437492752104,669
29,9,4.582699110475115,670
165,99,1.8172655335958812,671
166,21,3.0312202558351165,672
83,73,2.677086644664088,673
136,28,1.072496164182919,674
109,62,4.171032454291251,675
65,7,1.276183625258399,676
86,80,2.8970200839078144,677
145,16,3.2427131797557998,678
71,97,3.5137058264583483,679
45,4,3.7545265172315023,680
132,4,2.0130895340908603,681
36,40,1.0399151066337975,682
70,17,3.893774649419648,683
159,52,3.1426263973903144,684
19,93,4.344470812828995,685
189,52,4.285553451602777,686
108,36,4.373304671151533,687
182,38,2.9403786399181606,688
167,50,2.3345135833474626,689
91,63,4.16623281036548,690
90,63,2.8051764521170197,691
19,62,1.733768785613738,692
39,99,4.419896078245897,693
126,7,4.530239507089389,694
195,27,2.8652390245606805,695
173,92,1.3027989092391499,696
141,86,2.551304359667725,697
126,14,4.214150637850413,698
58,71,4.607096114184914,699
148,86,1.8138909699903834,700
61,5,1.267894448101086,701
127,55,4.509401812531355,702
105,2,2.557619755915501,703
167,62,3.167043857070253,704
1,91,4.872263248203035,705
131,21,1.2662589116568914,706
92,79,3.5932720298083822,707
190,21,1.2964216902994683,708
191,10,2.5018757138660015,709
113,87,4.2152581807737874,710
153,58,2.7338889310225376,711
56,39,4.988729415611802,712
161,5,3.2362371397864087,713
166,65,2.284648610543814,714
117,13,1.8804453036190125,715
134,85,2.4020821371446472,716
58,90,2.4901330950382032,717
44,85,1.274854710895844,718
173,53,2.4782967977070927,719
160,82,2.8569540789568997,720
173,45,3.8909510089552186,721
61,32,3.626917938886432,722
47,36,3.835062620916617,723
149,81,1.0334547275074284,724
80,99,1.8706695983221442,725
118,60,3.646737153599426,726
164,11,2.9359574727189885,727
147,63,1.0212539026733838,728
20,21,4.21797856972729,729
185,52,4.09123829316135,730
146,55,3.1936766519742505,731
47,26,1.2658533031050885,732
49,68,4.066060198130339,733
14,34,3.334854350925456,734
143,52,4.127839908631836,735
159,82,4.006987969583362,736
1,99,4.212008287831349,737
117,93,3.0720322656184993,738
54,52,1.56129807277406,739
118,29,3.6846298935187547,740
3,38,3.4818951402078824,741
144,42,3.9690127487963487,742
185,21,1.6795240242029412,743
12,42,1.7799007996011569,744
74,13,4.561638068877314,745
16,64,3.999911193808283,746
102,17,4.632913954801292,747
152,9,4.034861284655683,748
156,41,3.3886212239612075,749
117,1,3.6165309481114947,750
8,2,4.55651169576004,751
122,60,3.315227018047762,752
92,48,3.5295652973135496,753
164,29,1.6259068640144023,754
90,97,2.895684880464411,755
136,10,3.865588447832396,756
186,58,2.0837707932654617,757
60,60,1.8090167220981397,758
178,21,2.255307232897662,759
28,28,1.9660025119713338,760
101,75,1.8596505481455834,761
41,34,2.6994033714723478,762
192,8,4.631354055534136,763
155,59,3.028238586954873,764
191,86,1.7516815232612921,765
145,72,1.3078866775234963,766
161,49,3.784624580551701,767
157,79,2.5311950577455513,768
141,17,4.287323786341437,769
46,60,3.6380430745630807,770
35,87,4.184965802165474,771
134,88,2.087784157673795,772
82,45,3.7694356898442325,773
115,83,2.056247938774875,774
197,69,4.756273917801167,775
47,32,3.5454971261334975,776
153,44,2.2980472007013684,777
194,65,2.0780474491690906,778
10,87,1.763706340286574,779
56,8,3.778563835574911,780
30,77,1.8748624519917092,781
109,72,3.3812130637099562,782
5,87,2.0585401077014294,783
119,43,3.6478757791754743,784
33,1,4.259758914162157,785
118,51,4.112100972578613,786
65,24,4.043405323723126,787
146,99,1.7508896227690083,788
177,24,1.3535397879380748,789
11,17,3.7957953139495424,790
85,5,2.4733888551774053,791
26,20,2.729384905613389,792
63,21,1.1245963711735643,793
86,58,2.0383057971001968,794
59,31,1.134705615497856,795
27,11,4.51674309040499,796
177,52,1.973586732874122,797
161,15,3.229348678292032,798
98,83,1.1559172826445216,799
105,7,3.6673895652226323,800
99,28,2.2921093830163755,801
129,51,4.591676747830663,802
149,58,4.552472755736144,803
55,5,2.301162473446991,804
6,5,4.603843582761872,805
197,94,4.984630693995115,806
95,96,4.301662656495792,807
133,8,4.379485391020916,808
102,64,1.9960349444363596,809
3,10,3.3068095954310253,810
181,38,1.2690236558694714,811
23,96,1.3796717472866789,812
53,92,4.995570448133162,813
165,81,2.3065569977036438,814
83,95,3.9927356481953855,815
145,8,4.226660212107266,816
85,25,4.432093084028917,817
78,73,4.990513189608626,818
110,66,1.9659859410274714,819
1,79,1.1614033074387988,820
51,50,2.644766071978344,821
173,67,1.5203226793157878,822
4,49,1.0897035566482205,823
190,36,2.4417073085659444,824
193,68,4.134953004300946,825
113,78,3.2647227649002835,826
32,41,2.251111956841416,827
34,89,3.617368021970879,828
92,62,1.9280727212352429,829
95,10,1.05752578428834,830
72,21,4.0574135457457094,831
39,36,3.4949723394560364,832
154,12,4.0492104980038395,833
162,91,1.1557520667506624,834
182,2,4.348478511322609,835
118,13,3.4781048001452133,836
3,53,3.2535814028505605,837
123,32,3.4984561924581263,838
50,95,4.457732987473456,839
12,16,3.3477460262356282,840
193,32,3.3238015195527173,841
54,32,4.962716628263063,842
133,98,4.026920668274272,843
57,11,2.769175221804541,844
145,10,3.829588000131711,845
112,15,2.556921886767154,846
47,17,1.915501849933996,847
151,40,3.3874075075510377,848
85,18,4.712728392455806,849
142,55,4.716558080061851,850
66,73,2.3676211124219613,851
75,25,3.11070986488678,852
179,59,1.8465435942794448,853
103,78,4.982524437995534,854
166,89,4.924471631471743,855
192,22,3.5980357188297893,856
38,30,4.2176562387098935,857
50,84,3.8604006451348,858
98,85,3.3726328761578728,859
82,44,1.2133919879555908,860
30,32,2.8190573702106443,861
79,51,3.699145208669642,862
91,46,3.7101264555347386,863
179,21,2.4924904736895344,864
191,99,4.766767946632122,865
52,32,1.669428128947124,866
166,94,3.0014377848622424,867
79,39,3.763535906203291,868
30,12,3.788543223567237,869
106,47,3.5945558270752622,870
51,18,2.1011528538074407,871
81,21,1.6248262747464879,872
133,13,3.5437613073068435,873
29,21,3.397208464557751,874
132,8,1.717424041156964,875
138,46,3.8205565822822534,876
184,7,2.8206879669346256,877
145,23,3.6710423664126117,878
74,96,4.349468319080603,879
17,75,1.6789137143076927,880
84,86,1.0765794719873467,881
69,22,4.116410345583147,882
34,89,3.4387897006104637,883
6,22,3.798558278488487,884
53,92,4.35261989995457,885
194,29,4.211243739298002,886
126,13,4.843680587715299,887
43,82,3.143740315408473,888
115,2,2.9539825306396215,889
111,29,2.6075487995629203,890
151,85,1.6147641713768182,891
183,79,3.2904289315280897,892
80,52,2.108050097303915,893
95,27,4.685230048851902,894
118,50,3.3327632171083903,895
144,95,3.3713607220324406,896
8,79,2.41969864350804,897
132,23,1.20795740791083,898
104,88,1.1269750614919545,899
132,44,2.69334057661279,900
184,77,1.3382615123889514,901
25,22,3.4273878221605565,902
195,43,4.52389202255863,903
96,37,4.531659266074889,904
195,61,3.6361816405289296,905
155,97,1.844927325891724,906
93,56,4.451987325435488,907
160,3,4.544373741252833,908
178,63,1.7866143398118348,909
61,19,3.949704343082709,910
122,23,2.146078195708492,911
51,29,4.210561249411718,912
147,30,4.988951599614411,913
21,39,1.1201040213175713,914
5,25,4.589463463163728,915
92,8,3.490522134394632,916
170,58,4.893530476659285,917
61,16,2.8600380701057104,918
22,72,4.3895517222854945,919
149,1,1.249576274393109,920
70,5,2.341116200313183,921
1,3,1.2680661510048399,922
133,65,4.901372533916282,923
12,4,4.267895629087347,924
90,99,4.410189684983882,925
46,96,4.751860925735577,926
34,64,1.3404139444791414,927
177,98,2.5423903700533335,928
78,89,1.2841395561760085,929
45,10,1.8431724062001145,930
155,21,1.9174631081506894,931
73,46,2.8764288441903147,932
26,91,2.0742486698145703,933
47,27,1.4039124272710444,934
121,66,1.6699643563764308,935
56,41,1.5891022542083637,936
94,13,4.892307191649193,937
107,9,4.037170027673895,938
63,36,4.871045861078247,939
48,86,2.758961946031634,940
61,90,2.1134739266506264,941
81,58,4.193172788836747,942
26,54,2.305015672164587,943
36,12,2.197533494821393,944
1,81,1.9300239688313248,945
8,78,1.5187159128969414,946
113,14,2.025852244067064,947
99,34,2.421278993895551,948
180,53,3.6959768325829216,949
47,20,1.2502593688778063,950
127,75,1.8420277586613718,951
56,16,4.236094561166706,952
14,95,1.587687694335083,953
28,70,2.370580586090086,954
78,56,4.45863568743256,955
130,83,1.6197012445737706,956
109,58,1.3309473424727596,957
154,4,2.9381519803200433,958
14,4,2.2096780451141456,959
187,20,3.2536334579354165,960
56,10,4.215219561933901,961
115,24,1.5485939526109727,962
7,99,3.32279633821714,963
3,26,3.0220350415594557,964
111,37,1.5763151440527983,965
151,85,3.4959939421159296,966
107,54,2.0945616714430866,967
18,21,2.95133727417605,968
38,74,1.3290892971082475,969
115,38,2.838336228854492,970
15,46,2.2258538721712813,971
192,4,4.289524844741417,972
119,60,1.2279149079894731,973
28,57,2.6744290996733198,974
39,45,2.833725696525752,975
185,20,3.900024305196475,976
17,17,3.297150300360844,977
86,71,3.668849348776724,978
126,4,4.1081971426070245,979
44,93,4.448811894632755,980
25,14,2.255501986889882,981
145,3,3.152090821455612,982
13,88,4.3604323137567995,983
25,80,4.957804523860226,984
68,58,4.5580772441750526,985
138,55,2.485869050497507,986
67,4,1.7806660688746017,987
109,24,2.957570149626355,988
146,34,3.966565807344169,989
111,30,2.9702762830131904,990
111,82,2.932723453254674,991
34,19,4.352921684327202,992
111,31,2.4456151162687454,993
8,60,4.4391786992465825,994
168,60,2.627219203806894,995
113,19,2.3129324227133576,996
83,49,2.815959644798796,997
42,63,4.049787834699474,998
169,83,1.5040081114559771,999
101,22,1.7856768634880695,1000
6,24,4.805779302652368,1001
180,76,1.7019665095254295,1002
26,30,3.2709092717242183,1003
64,58,3.3172578666477515,1004
187,31,2.958497848200979,1005
184,64,3.5789809943072743,1006
59,19,1.9193069031904737,1007
109,48,3.210649071106993,1008
198,45,2.4886930209875886,1009
121,94,3.646669038516756,1010
33,55,1.5648941734925979,1011
181,55,3.283509667357905,1012
150,97,1.7410814215332948,1013
21,18,2.1145722524601456,1014
198,63,1.874839201294333,1015
70,92,1.7313511194752684,1016
112,47,4.302843806242668,1017
4,75,2.1428302706435614,1018
94,57,4.708495127457797,1019
75,45,4.879706101380764,1020
190,33,3.2850418797483893,1021
62,17,1.5720044906629056,1022
94,70,2.498192973518325,1023
95,4,4.190929053392856,1024
152,20,2.469562914788282,1025
55,47,1.348068873211155,1026
137,91,3.2271396437127517,1027
131,15,4.380483405984139,1028
31,70,4.183705548574009,1029
40,47,1.700492560521413,1030
36,78,3.691058457649867,1031
152,75,1.8820170537425884,1032
6,9,1.872830138208689,1033
66,90,4.49628709322074,1034
75,16,1.9986758109609206,1035
4,69,2.0529893860720447,1036
79,61,1.0026135630451982,1037
134,10,4.482676136502071,1038
118,50,4.170379252836539,1039
113,3,3.509315740362712,1040
94,77,4.001063055755369,1041
179,94,1.6081942696979672,1042
62,70,2.8332943783503017,1043
185,81,2.4048775493951235,1044
194,51,1.375106105028066,1045
79,19,2.9445219408596963,1046
136,42,4.682958601370542,1047
26,35,1.160236476202778,1048
179,46,2.1658436539751755,1049
173,26,1.8301637448228139,1050
44,69,1.9525866146627853,1051
133,93,4.633738207517501,1052
70,64,2.8722762169371605,1053
154,37,2.865197651759275,1054
118,84,4.042302569821129,1055
68,49,1.6179688160197032,1056
19,21,2.949061416400203,1057
20,74,2.719940856484239,1058
113,64,3.3876427621866245,1059
140,5,4.998230813001754,1060
47,70,4.077795576328189,1061
1,90,2.5914628120697087,1062
90,4,4.310212209096187,1063
142,39,1.6828334532499207,1064
64,35,1.1218547452358405,1065
38,1,1.8177934898570922,1066
37,24,2.3616462244570386,1067
126,57,3.0423230298382395,1068
139,70,3.4605165621647993,1069
100,41,4.642422868857687,1070
77,54,3.0394160382018307,1071
3,46,3.0051025785029175,1072
161,60,1.2009720392919285,1073
134,60,1.1396462106248952,1074
178,57,3.2046398476654883,1075
10,31,2.752714452993378,1076
5,84,4.356721579921194,1077
151,24,1.6427183388473807,1078
138,89,1.0998866484681984,1079
172,36,2.7961550717205035,1080
130,85,1.94991422700903,1081
13,30,1.1984574933553498,1082
168,24,3.898393147390516,1083
130,30,1.44637199982899,1084
84,86,3.4332780000310867,1085
65,92,2.1241990006675566,1086
63,7,1.693984201420088,1087
101,35,2.51900609167727,1088
73,55,4.205783104891815,1089
17,92,2.5683743076182908,1090
9,14,4.003078596844222,1091
143,10,1.5019451871966027,1092
152,80,4.091085678660317,1093
38,16,1.9477332996265946,1094
163,54,3.709572519555491,1095
94,95,3.2631262193639854,1096
95,89,4.716578868846749,1097
49,77,2.549290071901256,1098
69,70,1.2646607553377618,1099
62,44,1.0766219422050116,1100
188,73,4.307434243891013,1101
178,45,3.0989425506457287,1102
78,56,4.100976207339797,1103
117,84,1.9377024000460588,1104
120,82,2.380334982052935,1105
137,57,1.1204154888452758,1106
162,21,4.845969298296449,1107
76,68,3.6714716268032537,1108
35,50,4.732820351037224,1109
1,33,2.0619856297162893,1110
40,91,3.4458544449026434,1111
64,7,3.7139998731705512,1112
150,70,2.2701988010303538,1113
60,15,4.39243694006252,1114
64,82,4.788645851600991,1115
93,32,4.539420470784018,1116
72,75,3.95626790375749,1117
11,20,2.109858718899816,1118
105,88,2.126464168422527,1119
14,15,4.853441281784152,1120
60,48,1.0411379837427681,1121
30,71,3.864199892968578,1122
35,21,3.8249846502210487,1123
165,42,3.49075816379919,1124
5,26,4.960435384347463,1125
83,14,2.247517743054901,1126
123,57,2.3598874551729927,1127
78,37,1.3157576117862222,1128
154,58,2.77119254617495,1129
62,21,2.0441941049393924,1130
132,82,2.373546808710577,1131
89,69,4.33828716102251,1132
42,3,4.741938054109983,1133
89,87,1.7429322880207425,1134
146,90,2.4900357262138635,1135
40,37,4.714522248461576,1136
72,88,1.2472338427568905,1137
39,49,1.369442112445514,1138
104,19,1.6511639568249175,1139
14,89,3.380851336507499,1140
32,85,1.6018890840239899,1141
179,12,4.872305525802934,1142
125,61,2.7868581090340814,1143
166,41,3.0060718414006655,1144
97,33,1.986634463221626,1145
23,50,2.883841009738934,1146
63,68,3.647654530548046,1147
143,71,4.004708547816171,1148
153,86,4.015472330839652,1149
145,33,3.3115644507763533,1150
194,81,4.617439099975429,1151
53,24,4.269631389224438,1152
104,61,4.028192458794502,1153
104,61,1.2224220867218425,1154
179,98,1.0275118488785973,1155
39,28,1.8497891087818918,1156
179,58,3.654094375653809,1157
198,43,2.6447899555301833,1158
134,41,2.609625037197247,1159
67,39,4.538347552918455,1160
135,86,4.582251392527355,1161
179,49,4.636701056214343,1162
42,17,2.255512306060109,1163
192,98,3.764223250957047,1164
15,70,2.0865327250974786,1165
111,70,1.7624393322977991,1166
157,98,1.7385298293894769,1167
33,65,2.368430483454376,1168
155,74,2.719830479119287,1169
164,85,4.323796684220273,1170
157,5,1.4795643738908484,1171
38,2,3.9397033895795768,1172
185,22,3.1258196567572214,1173
97,57,2.15178137070397,1174
155,66,2.9712783381312984,1175
183,74,2.1997682791080906,1176
33,98,3.384327820953224,1177
196,16,2.735375691420977,1178
86,51,1.657622116315515,1179
66,39,1.4663322982227869,1180
10,86,3.1867827282885206,1181
5,76,4.609652133144413,1182
123,88,2.375830746230742,1183
74,40,3.932000428890493,1184
97,38,3.634645419759068,1185
118,60,4.726219657237924,1186
38,59,4.283924069196564,1187
141,10,3.266421035621852,1188
159,99,3.6281219929364292,1189
47,64,4.5935458663361395,1190
109,63,2.598075138347739,1191
180,49,2.3071788234311095,1192
184,64,1.0432443345407854,1193
15,32,4.306204296765857,1194
157,7,4.2039228016134595,1195
136,21,1.4178180724006055,1196
5,20,3.307429524530801,1197
157,26,2.8559267926675496,1198
47,68,1.4748363820364458,1199
68,86,4.922272908242894,1200
76,15,1.8587835498534218,1201
173,85,1.2689367203622446,1202
130,79,3.3793895180076383,1203
155,86,3.9554667085321307,1204
95,92,1.1297737841887479,1205
115,14,3.6348705549080886,1206
164,27,3.1291675038058178,1207
36,40,1.4130600355001937,1208
26,58,1.6900955077854483,1209
43,28,3.271897189264322,1210
27,26,2.1854304540531535,1211
69,63,4.753262914605264,1212
148,66,4.274960917936204,1213
11,25,4.934268826054652,1214
74,3,2.038683355801656,1215
104,72,4.878894531191908,1216
38,44,2.7249354791662315,1217
134,97,2.3900751812550185,1218
23,42,1.201398107877413,1219
47,99,1.2110610314384105,1220
90,6,3.7680450237866188,1221
46,39,2.8317159777361116,1222
107,52,1.9060865041444228,1223
140,23,3.4558812253009306,1224
141,89,2.0114324730004447,1225
104,50,3.3105270173776904,1226
190,43,2.4368349879307614,1227
111,19,4.294208906447276,1228
104,69,4.282784643067117,1229
60,51,2.9094015924896053,1230
171,11,2.4032764373400624,1231
100,12,2.450239186236378,1232
68,74,4.2228581026728715,1233
133,8,2.312717931190448,1234
120,24,1.836237494827384,1235
37,92,1.3387533675012273,1236
72,41,2.8667724835376336,1237
127,36,2.9285283956793675,1238
106,85,4.363634841611629,1239
92,72,1.884954785784256,1240
31,55,2.5239650946735996,1241
122,9,4.233622955574764,1242
137,47,4.2944944429958944,1243
51,15,2.538444303915073,1244
29,48,2.8364960931467236,1245
40,82,2.2131435633971317,1246
41,42,4.730219513677248,1247
11,60,1.4745750629663212,1248
151,84,4.73499769200588,1249
1,70,3.735465807341373,1250
46,12,3.1262886107469248,1251
101,2,1.1306362431379835,1252
149,7,2.902384767288033,1253
90,80,2.630992420010929,1254
110,3,1.6448752479004902,1255
164,3,3.6256384140026277,1256
182,27,4.884603629473143,1257
57,40,3.2487552442581005,1258
1,33,3.8590131057757833,1259
63,92,1.2738018102640671,1260
182,1,2.670667983267979,1261
55,8,1.4654339406579835,1262
115,32,3.4511833421460416,1263
168,48,4.753928632856619,1264
143,4,3.647110929886554,1265
149,94,1.3072121932576861,1266
175,70,2.4186648199403313,1267
53,19,3.202653517763406,1268
137,32,2.612831024533009,1269
180,9,4.334576041900689,1270
57,12,4.258684018839957,1271
117,11,3.4473240804128857,1272
154,46,2.493831780530821,1273
169,16,2.0213454950529766,1274
35,1,1.4234972728525173,1275
63,63,2.419590733946216,1276
25,21,2.652690068830878,1277
90,30,3.7032917004162944,1278
75,13,3.632639297190294,1279
38,34,1.2804325585650278,1280
130,4,2.581037261724631,1281
135,28,1.7271154688694477,1282
162,95,1.6272508212672228,1283
91,59,4.309208598948984,1284
17,27,1.1676608668650301,1285
128,69,2.6767315036084853,1286
171,25,1.6728146230660728,1287
187,3,4.5173208627138965,1288
108,97,3.2281620531001405,1289
179,68,1.925522545507392,1290
182,25,3.0097091486655057,1291
152,20,3.9259454388124633,1292
25,34,4.8324720356777355,1293
199,26,1.8817840169816757,1294
180,5,4.54472708851738,1295
198,99,4.737216456669961,1296
88,61,4.6656821781282645,1297
161,92,3.5416574274476393,1298
177,93,3.5192826177388308,1299
29,9,2.612842532735291,1300
63,50,4.009591529215152,1301
150,6,3.1251760734037277,1302
154,83,3.709752284913178,1303
156,60,2.713831615395182,1304
114,44,3.9259858561725562,1305
49,11,4.297886070418196,1306
199,66,1.5857450264112645,1307
81,47,4.331718862296912,1308
84,73,3.161186127161229,1309
105,85,4.378663636360898,1310
177,88,2.7252068253640584,1311
148,98,2.51616194153214,1312
118,86,4.66024293006889,1313
86,3,2.004677070193605,1314
63,76,4.376849301144572,1315
189,92,2.9360822900376164,1316
104,30,3.056381770205039,1317
49,90,2.233873125957936,1318
71,21,3.2921688024760627,1319
1,28,2.3008447851048452,1320
141,90,1.1570776569666092,1321
179,62,2.087994421377424,1322
123,33,1.0255161736263627,1323
184,85,4.913419148227426,1324
62,35,4.86298883927899,1325
32,52,2.58062118988922,1326
158,34,3.913483417358584,1327
29,41,2.3832243936417,1328
49,51,3.684372628343904,1329
173,47,4.221720172183916,1330
30,82,4.787024978768963,1331
144,58,2.600849103398688,1332
168,75,4.133191931824191,1333
19,57,2.063713802528475,1334
18,23,4.961329215174594,1335
1,48,1.1030783950574046,1336
78,22,3.414115226004484,1337
115,17,3.6380239266053085,1338
175,69,3.7521822282965154,1339
194,11,1.481550315156356,1340
113,94,4.754119133892521,1341
114,15,1.7247331162003312,1342
166,91,3.4910136129593643,1343
179,35,1.8907043164923398,1344
63,33,2.2288656680850836,1345
132,84,3.1858341669124974,1346
129,16,2.668773674258306,1347
8,34,1.6409024039060252,1348
157,66,1.6837456096833932,1349
55,99,2.6725791526511986,1350
103,40,4.0291319131020025,1351
131,28,4.591858587391155,1352
32,47,1.3365106490375314,1353
10,39,2.5724156302376042,1354
110,70,1.4009822548915065,1355
162,73,1.0663699225303915,1356
124,20,3.6468747305758265,1357
87,1,3.409797767866351,1358
55,72,1.6520764552595448,1359
32,87,1.9352513323722564,1360
178,63,1.0948310145780735,1361
135,67,4.339788822777615,1362
93,4,4.898762384194206,1363
8,58,1.5418381471787632,1364
65,25,1.9259008550611925,1365
57,47,4.473638095787736,1366
67,38,4.705855191824739,1367
187,15,2.6785095312272413,1368
72,63,1.2024898890762965,1369
54,21,1.1575673347712776,1370
67,99,3.2957994642760418,1371
51,57,2.571580435572716,1372
97,53,1.114609710310618,1373
92,46,3.333009569250227,1374
8,14,1.0452101463560899,1375
162,76,4.149487832597092,1376
35,17,2.2257312908134863,1377
96,39,1.1610320120369284,1378
88,9,3.3534088839326133,1379
78,99,2.5907376577322188,1380
32,77,4.8952016534285985,1381
120,79,3.1767946500148088,1382
46,82,2.100956724148033,1383
144,97,3.837755458535899,1384
196,6,2.0859680101708453,1385
165,91,4.61697316563026,1386
182,23,2.4988878820295057,1387
142,59,3.199474251104821,1388
55,91,1.2022924152969154,1389
176,98,2.704484951808923,1390
7,46,4.32945415864398,1391
74,38,4.222595221453368,1392
7,14,1.897274235414105,1393
161,72,1.9043162840422507,1394
151,62,4.269221248852947,1395
85,35,4.721593680677302,1396
147,19,1.3814436850920142,1397
112,30,2.800234557704901,1398
125,78,2.349817115856916,1399
147,84,4.482753821829757,1400
36,25,1.334099658720075,1401
29,40,1.8445037702321496,1402
188,88,4.009873350345977,1403
82,14,1.2051753959248623,1404
2,26,2.970141522857157,1405
129,87,2.76842813871888,1406
47,22,2.3376047159549946,1407
197,48,2.578289261275695,1408
148,83,3.1197623477209317,1409
11,51,1.6454694335535325,1410
130,3,3.287983513134371,1411
195,42,4.221729317199945,1412
119,19,4.040643719160636,1413
140,73,1.6155996187750947,1414
20,28,1.5969978789658956,1415
5,84,2.0726974709796533,1416
37,45,2.444298905364149,1417
166,71,2.6338223256339304,1418
137,78,3.718788867333381,1419
53,63,1.2267217286633416,1420
172,73,1.1386908169042655,1421
99,19,2.567642251775636,1422
86,47,3.788654768551922,1423
108,14,1.7737413718259303,1424
24,38,3.566017925025007,1425
81,53,2.039312551761198,1426
158,61,4.544344435254065,1427
120,36,4.582759777066466,1428
59,40,2.189148817125306,1429
128,81,1.919975015852962,1430
114,30,2.645215888264925,1431
115,9,1.9621263407205949,1432
14,64,3.6895353731668146,1433
9,33,4.304258738193142,1434
40,52,3.692368523644868,1435
194,89,4.297401788997398,1436
25,14,2.5879686488298965,1437
103,75,1.6252678828354434,1438
22,53,3.9518037895903686,1439
4,99,2.4418980205662155,1440
154,59,3.68508330091653,1441
186,78,2.0825757679270627,1442
29,94,1.3249185392266907,1443
109,41,4.9703271819510535,1444
98,68,1.6248060317223971,1445
37,68,4.953683975853924,1446
75,92,4.90911973026579,1447
70,8,4.175272415632159,1448
146,2,3.6376918483279903,1449
128,86,3.311228201004339,1450
85,41,4.464406181511339,1451
42,55,2.1577580864779518,1452
100,16,2.870724849939508,1453
41,93,3.4775598774660077,1454
166,62,2.6447619034779644,1455
34,48,2.709945816361072,1456
17,30,2.3211386700083376,1457
165,12,3.256927266738144,1458
153,35,4.402298112060464,1459
122,11,1.8061135120252514,1460
76,64,4.737732155013766,1461
87,50,3.7563506149929187,1462
117,85,4.293092850720121,1463
106,21,3.2247627705200466,1464
86,69,4.1180668056962535,1465
27,48,1.0648015893578688,1466
57,20,4.273521699118141,1467
31,67,1.160555436341466,1468
134,44,4.55965350545145,1469
168,33,4.967850988954574,1470
98,73,2.1762698487071113,1471
12,61,1.8412742251431746,1472
53,9,4.061453455432163,1473
199,68,2.012105363681013,1474
138,35,4.462249532688814,1475
173,81,1.4113703686299068,1476
145,98,1.503820785517433,1477
154,88,4.916606220402462,1478
190,96,3.6953555930800186,1479
122,65,4.387548897715812,1480
46,8,2.297317509406072,1481
64,45,3.7059349980824177,1482
130,87,3.376967309234389,1483
54,47,3.412600480491788,1484
107,40,3.7301298381508863,1485
193,76,3.3014366925163943,1486
51,54,2.716249477210664,1487
181,76,2.1036907775221874,1488
36,46,4.074325323652808,1489
115,47,1.9050897200127448,1490
26,15,3.7694172246176567,1491
29,19,1.9333312905973066,1492
149,26,3.5013206798178156,1493
11,52,3.9883130685161157,1494
40,93,1.8748555556261568,1495
11,22,1.2397732034452331,1496
164,21,1.5238949719766963,1497
113,51,3.423987869084102,1498
187,38,4.397785624902943,1499
39,20,1.1799872849416975,1500
54,29,3.936605036166585,1501
98,51,2.3652745838002085,1502
55,4,2.91411347967809,1503
111,55,4.7154381993822625,1504
152,71,2.327886018943382,1505
150,92,2.861347735757944,1506
69,28,1.0547296590427244,1507
56,4,1.3263948800193535,1508
33,22,2.034366364539136,1509
36,76,1.1114089632842976,1510
148,45,3.525501304193004,1511
81,67,2.70559342720649,1512
190,86,3.192580810912088,1513
109,66,1.6985887435853182,1514
154,88,2.1837281177464645,1515
194,34,3.6552978994109004,1516
73,91,4.8612108945216,1517
40,55,1.2016670944088368,1518
17,1,4.561537283421064,1519
129,72,3.307524805244834,1520
61,87,3.255678267022495,1521
171,38,3.0011141408310413,1522
104,6,1.2775763436167336,1523
42,86,1.3595074069446427,1524
25,25,3.4036480226363444,1525
39,82,2.363834285742233,1526
35,17,4.669072266310723,1527
131,61,2.626362149437889,1528
108,12,1.5731258348105643,1529
172,6,3.858875334008144,1530
179,90,2.1734136857640394,1531
102,27,3.1018812294235727,1532
98,8,3.79133114202068,1533
12,83,4.601056444808282,1534
19,65,4.168764779206704,1535
101,57,3.7054442714908964,1536
44,93,3.7185327295805743,1537
187,99,4.783698576128346,1538
49,40,2.183296389986144,1539
189,14,1.0044483767847496,1540
17,35,2.0878182375927947,1541
74,48,1.871565518506976,1542
57,84,3.6473383404559927,1543
55,56,3.534846399062116,1544
47,49,3.3738455308188953,1545
12,13,1.0649737728378148,1546
62,61,3.91511221780259,1547
80,49,2.294121649941966,1548
83,46,3.6602239560265244,1549
8,62,3.2263137140086133,1550
149,8,2.3709237017116287,1551
81,43,1.538305068416431,1552
118,20,1.3776755906419238,1553
198,97,4.326073332448894,1554
25,90,4.673590168326232,1555
89,39,3.5991521870571983,1556
12,85,1.4137364594419335,1557
143,49,2.608108867552963,1558
59,64,3.915756800420629,1559
154,62,4.119283536040273,1560
109,54,1.4728744891643544,1561
26,9,1.0001228753815297,1562
47,88,3.84854818352242,1563
32,37,2.4263847039448225,1564
10,49,2.017925326473041,1565
16,41,1.0515898791581018,1566
199,17,3.1611976270459987,1567
145,88,4.404602941703927,1568
151,21,4.830526585090352,1569
26,51,3.262979802453157,1570
86,59,3.0578453109595767,1571
135,39,1.3402255419569644,1572
14,55,3.195491206170399,1573
79,41,2.5199163158615785,1574
117,39,3.4285411235343077,1575
7,13,2.554905391506187,1576
137,64,1.961196493801467,1577
115,11,1.379861100913506,1578
176,19,2.259673778355583,1579
72,11,1.3865793371510091,1580
59,77,1.7075878032959357,1581
82,46,4.949344634318184,1582
116,45,2.7764142276264745,1583
167,1,3.127487066020066,1584
146,40,4.494474114948861,1585
187,19,4.982275601962751,1586
103,76,3.330857797378726,1587
17,72,4.249895284176686,1588
14,72,2.307764097346701,1589
159,61,2.2229758297891644,1590
152,12,2.610814883978241,1591
108,61,3.6900290506945965,1592
188,33,3.728766757020395,1593
45,45,2.2609577385978032,1594
98,90,1.5328396965465148,1595
131,92,3.5295850258620343,1596
37,69,1.513303448755058,1597
171,8,3.3139700329173203,1598
168,25,3.773688512225236,1599
183,91,3.8024459855778066,1600
108,46,4.013888442638387,1601
39,87,4.491437686262659,1602
15,30,2.9998359678591537,1603
120,47,3.9209967581182847,1604
4,87,3.476690941463347,1605
93,49,1.7465597591907303,1606
153,47,1.1027585794776327,1607
141,84,2.138165542707735,1608
161,82,2.7721348253504776,1609
16,18,3.468423777714625,1610
170,66,4.3998373220128215,1611
108,68,1.7849828668246626,1612
126,94,1.5021991595939084,1613
194,33,4.85391978989731,1614
55,36,1.4321782375056284,1615
170,82,2.9139642804287567,1616
34,19,3.3422549151732075,1617
158,28,3.165497683629753,1618
13,40,1.3441286281317728,1619
141,84,1.2281076560144775,1620
18,97,1.4219337098441427,1621
160,76,3.34235073549045,1622
96,15,3.1773795505372844,1623
123,41,1.934963168146977,1624
39,39,3.5510965673823662,1625
46,2,4.2802700082225975,1626
29,63,1.166315839386375,1627
190,29,2.9925197741921696,1628
62,74,3.757241648410761,1629
185,66,2.0092477082787483,1630
16,51,2.2310836211725964,1631
184,75,3.4545516119575352,1632
121,77,4.591741173774947,1633
10,10,4.239697681211597,1634
158,14,3.332520876398334,1635
153,82,3.920886871028997,1636
103,51,2.4592898808311947,1637
84,73,3.563862112395031,1638
133,39,2.864726364510228,1639
65,28,1.7597445458302436,1640
177,3,3.8069530955090287,1641
3,84,3.225858549395288,1642
173,70,2.4344863278143656,1643
142,27,4.645356760314523,1644
120,2,1.083736471306933,1645
158,93,2.263092604997984,1646
68,38,1.2275255911105862,1647
146,3,4.066109264886508,1648
190,16,3.8084298164551704,1649
37,94,2.325408874945268,1650
153,40,3.702651608828292,1651
176,2,2.5837489047837994,1652
193,81,4.025015165689737,1653
181,41,2.8167346509468243,1654
73,12,2.649118911326662,1655
143,35,4.738919661953204,1656
49,65,2.003516399562801,1657
121,55,1.4817893599862617,1658
88,45,3.3381724530378327,1659
196,79,4.877287249136716,1660
140,90,2.5113568549087466,1661
187,85,1.248147054515126,1662
37,62,2.35722106923827,1663
61,49,3.0237266172782338,1664
171,95,1.6476920265288548,1665
124,25,3.632408872225968,1666
198,23,4.990997556040803,1667
39,24,2.8069579039257753,1668
184,38,2.4189142269208506,1669
63,28,2.6028166673378665,1670
46,21,1.4605847135808046,1671
88,54,4.533094405704896,1672
11,18,2.659302622085408,1673
62,36,2.5490976456993653,1674
77,99,3.6387610917218973,1675
153,45,2.768133683724494,1676
199,73,3.592933875231384,1677
52,53,1.24578516052315,1678
4,30,4.25489337488891,1679
59,60,4.76201581151761,1680
72,98,3.595061544637544,1681
148,32,4.8182637154352435,1682
93,67,1.6057292574798532,1683
63,67,2.9096647579214148,1684
54,28,3.407226935781789,1685
117,44,3.3269465896847468,1686
110,79,2.605847116356173,1687
74,41,2.3523376374650455,1688
107,63,1.5072960902016752,1689
57,23,2.5669698022491128,1690
169,75,1.6506432604219405,1691
3,48,3.9374627059688736,1692
120,32,1.83532374197836,1693
6,57,1.2342612211381354,1694
5,33,3.2094645512689373,1695
5,24,3.3809189308776064,1696
54,39,4.487652245122022,1697
47,34,3.3079264496707275,1698
177,56,2.381923414893783,1699
9,28,4.212047526105282,1700
99,37,3.1611155727496842,1701
20,7,1.317121138524767,1702
122,68,3.2634022412529866,1703
61,37,4.632074181686649,1704
123,56,2.585250501992882,1705
163,65,2.1853032075992003,1706
178,65,1.5738778280720802,1707
82,47,1.6057820877414293,1708
62,20,2.7310859373672756,1709
145,19,3.382719296646118,1710
3,29,1.322461620678407,1711
160,74,4.758274356100663,1712
13,60,4.020534469780784,1713
120,18,3.3464956731346507,1714
125,92,4.313754683755963,1715
89,35,1.3207470272484532,1716
73,43,2.9073555109324976,1717
68,95,3.5203725074466536,1718
142,91,4.314611624473157,1719
101,11,4.13387824019707,1720
98,49,2.1082769988535985,1721
11,38,4.763520678236818,1722
105,64,1.4973833657234814,1723
184,69,4.500534474484608,1724
67,8,4.883760998418474,1725
123,34,1.7086140928905023,1726
29,48,3.888264256815141,1727
137,56,1.1611420751119939,1728
195,76,2.62169130055662,1729
153,65,3.065133196790696,1730
76,31,3.3225809036385363,1731
170,4,4.743748992994238,1732
9,50,3.6890027491767787,1733
40,69,2.925111804876948,1734
25,30,4.238700145063557,1735
5,88,4.802131283817635,1736
139,59,1.0882645947291634,1737
187,67,4.930085089024155,1738
124,75,1.3445285562547213,1739
38,45,4.257547117075045,1740
72,4,2.12133901020565,1741
133,26,1.528718631015487,1742
176,27,2.7594225588553396,1743
90,46,3.575826317790454,1744
146,64,2.5238073800939,1745
198,91,1.2182616331307958,1746
37,51,3.3978445586348665,1747
60,50,4.609613104442699,1748
176,6,2.532861463789007,1749
28,59,1.8653311105233081,1750
197,15,2.7703093837312616,1751
81,30,1.1934508441951235,1752
114,42,4.281950337921099,1753
40,37,4.3053632438007465,1754
45,42,3.3520018537185137,1755
62,35,2.412411555753558,1756
93,87,4.199133457783134,1757
115,6,3.2187480991534687,1758
186,68,4.303729234200064,1759
67,18,3.5258351703320825,1760
56,73,4.13762189285119,1761
40,29,3.39425197287104,1762
98,77,2.656564272862665,1763
40,59,4.83178343970455,1764
91,47,3.164455299515379,1765
33,17,3.4203580741621535,1766
6,96,1.881950557658997,1767
147,22,3.502603157709106,1768
80,68,3.2864305979317754,1769
168,69,1.7393535917880998,1770
92,37,1.2383483894125749,1771
97,49,3.4174372788590843,1772
59,13,4.054769077401282,1773
59,34,3.093605483688033,1774
48,86,1.9070905012785828,1775
169,53,3.6660879067721397,1776
13,87,1.320422906438409,1777
107,51,2.7673348192078184,1778
45,3,1.6534670335936807,1779
89,42,1.7378362042395334,1780
181,98,1.8091757966328146,1781
170,32,2.5468282281759116,1782
100,51,1.2046008224815905,1783
191,85,2.5911737637163927,1784
155,46,3.0468297884588034,1785
166,21,2.933177139865301,1786
188,44,2.5311364016121622,1787
7,11,4.3565864322830095,1788
133,68,1.5813067696820164,1789
45,1,3.022786975125496,1790
58,92,1.2481656678262172,1791
31,63,1.284622715511639,1792
23,24,3.2954633987083852,1793
170,99,3.264073699551284,1794
138,13,4.512134051377828,1795
160,98,3.2314947026402927,1796
107,11,4.839164081619401,1797
181,51,1.194779393599719,1798
158,17,1.3920307391229643,1799
39,99,1.1762634462815256,1800
159,82,1.74110740133416,1801
82,86,3.1650804437667124,1802
100,24,3.582288725709712,1803
2,19,1.1823406317946752,1804
77,37,4.783883559382398,1805
12,85,4.368661506601525,1806
39,8,2.1864499286283725,1807
194,28,1.3087501209058718,1808
13,5,1.679548292876229,1809
46,17,1.5077776550198907,1810
155,36,1.4931351171957874,1811
113,19,3.0742467546629357,1812
17,64,1.9833897699736012,1813
104,91,2.432558866116578,1814
98,98,4.95802133353729,1815
188,11,3.737256995701379,1816
192,54,4.795922668188005,1817
88,45,1.5702262201324624,1818
109,47,2.528557899330277,1819
163,12,3.218927213129417,1820
70,21,1.307032247554952,1821
158,11,1.0167497745118315,1822
199,92,3.68173733518767,1823
74,5,3.5672780672057414,1824
63,81,2.643155239998447,1825
156,56,2.9585763041281306,1826
60,20,2.6617720023683584,1827
79,41,1.0960201793795554,1828
37,46,2.3414864248698497,1829
22,12,1.7083290215891593,1830
196,70,1.393696756405475,1831
148,17,4.826881735557399,1832
96,19,3.3974389001686625,1833
68,26,3.9146251369464107,1834
192,48,2.26145497306447,1835
17,52,2.572588517976061,1836
12,96,1.947695975586894,1837
150,70,1.387862683861699,1838
145,55,1.7161265497663352,1839
138,75,4.190056181185943,1840
118,33,3.7101832207351033,1841
193,62,3.1877155039419076,1842
22,88,2.9003594914670723,1843
120,23,4.689737134624497,1844
50,15,1.2909397911146736,1845
14,27,2.122403252951664,1846
192,75,2.399751414282856,1847
175,64,4.129703248851151,1848
29,81,4.970058480647886,1849
164,51,1.9626820590286123,1850
180,53,4.4972293365483225,1851
125,78,4.322491041727165,1852
7,91,1.8986295905670665,1853
29,82,2.5973303207968903,1854
139,92,2.6386914771700765,1855
33,51,4.912882674106234,1856
134,47,1.7235676055155933,1857
111,4,4.196631884419128,1858
79,7,2.3367708566924397,1859
160,35,3.9234813831046416,1860
179,48,2.6800440171826514,1861
58,73,3.31343905246616,1862
26,72,4.3304470933045245,1863
174,45,4.216662259935537,1864
29,81,4.4656927341588,1865
4,81,1.238469301378636,1866
99,97,3.7682022121589793,1867
141,96,1.5599495068870515,1868
39,72,2.663274272073644,1869
15,19,3.194353660218754,1870
119,63,2.610957938987323,1871
29,38,3.07844670321203,1872
157,67,4.986105235194477,1873
75,59,1.540869254851419,1874
116,69,3.7018241813457022,1875
32,13,2.584003865542461,1876
130,47,1.5320391956293151,1877
175,61,1.6349470534972381,1878
84,31,4.797092424982468,1879
22,80,4.518405986847048,1880
27,96,4.628167841660087,1881
195,22,4.9661311033095465,1882
81,93,1.8332615600340718,1883
126,86,2.421757349456247,1884
184,43,3.676876119699467,1885
92,67,2.935210159442589,1886
21,54,2.673558133513334,1887
47,10,2.431244997342372,1888
101,42,3.375122527773809,1889
187,64,3.302373714560328,1890
84,21,1.6458313362569603,1891
6,80,2.8869593500737563,1892
147,76,3.2138871048393995,1893
185,66,3.281147754925562,1894
197,41,1.8404287716494072,1895
131,24,3.969085569009147,1896
1,35,1.1007963792842785,1897
58,56,2.4193274221726506,1898
124,30,4.120850594142534,1899
166,57,3.2555716842216094,1900
15,94,2.044649730043441,1901
162,47,3.779812477372191,1902
189,35,3.2695637766242935,1903
163,19,4.184974437825549,1904
64,8,3.9401007447592935,1905
25,26,3.4404316881449386,1906
24,71,2.952710701243256,1907
12,30,1.5327285026700936,1908
18,7,2.045332071541535,1909
15,67,2.676397891668341,1910
27,65,3.3971971480255547,1911
72,36,3.0548314208612193,1912
60,25,2.152738103838118,1913
174,37,1.0258574311588422,1914
145,1,2.9849568876032557,1915
93,15,2.1425039542489723,1916
53,37,3.9384332028421403,1917
8,13,1.095785061081934,1918
79,8,3.3393112452231635,1919
27,5,4.765896950024262,1920
174,60,1.697637068445998,1921
50,73,2.8865979630023815,1922
199,1,1.3656879672685527,1923
131,36,3.5027276490454105,1924
93,35,3.2021267223849024,1925
192,66,2.6294620968513294,1926
172,63,3.085508085894965,1927
181,23,4.586298633876041,1928
24,9,1.7851772092442681,1929
60,34,1.090258046821389,1930
122,46,4.446659538796403,1931
131,78,3.308468329551626,1932
148,4,4.56263382184737,1933
46,30,3.3877808936526903,1934
15,95,4.24064435983881,1935
153,75,2.7186934534205918,1936
199,99,3.999439725153075,1937
17,72,4.6521658675594235,1938
126,3,3.288491854888825,1939
84,14,1.7231406022495181,1940
9,60,2.0751904601207927,1941
166,77,1.7945783075896231,1942
176,45,1.9874281103829317,1943
188,96,2.2256617974041455,1944
63,34,3.220535147012754,1945
117,45,3.351966517855331,1946
130,61,2.7059989889674445,1947
88,83,3.4616831192833417,1948
72,16,1.3262997024454637,1949
139,66,1.3511529482326399,1950
64,40,1.6873178414306338,1951
72,17,3.072309992161379,1952
21,34,1.8559787147932543,1953
18,16,2.1331376139703093,1954
64,60,2.6012513446919763,1955
82,66,4.24746449604152,1956
110,66,1.0554485436514405,1957
95,90,3.5975152809464896,1958
166,13,3.6755061241627414,1959
32,56,4.194623121426546,1960
11,31,4.731011756241253,1961
45,34,1.0805513957971593,1962
33,39,1.6151348220528647,1963
102,67,4.544685176223972,1964
169,8,2.8340742487480615,1965
136,87,3.258362555733854,1966
11,78,3.6521088148925895,1967
179,55,3.7162664179825495,1968
88,27,4.726961613266033,1969
41,93,4.987797669646678,1970
145,53,3.880629843723761,1971
76,39,2.1488848368206033,1972
121,65,4.519009609177374,1973
46,17,1.1968836581630464,1974
160,30,1.9243234114979848,1975
80,53,4.58954286985486,1976
54,13,2.02476605775742,1977
86,21,1.8826042384869939,1978
92,19,1.552501172560989,1979
148,53,4.436447030587666,1980
161,19,3.000233036764347,1981
168,57,3.699572812216619,1982
160,25,1.9562655363001187,1983
97,86,4.0321616840448655,1984
2,31,4.040022179848394,1985
33,81,2.2503920996332005,1986
158,55,2.6427305320411314,1987
161,23,1.8387611097208034,1988
77,32,4.906244093291617,1989
116,62,3.5824103082336465,1990
154,74,4.738175522862062,1991
150,10,2.2135421745165327,1992
103,72,4.127563651987559,1993
194,54,4.0634345755389685,1994
166,52,3.766622607466166,1995
103,20,4.862555901067202,1996
90,32,2.574221344425262,1997
174,14,1.5228692943590292,1998
122,50,3.686835436976243,1999
